# AUTHOR: Ralph Balita
import numpy as np

# ========== QUESTION: ==========
# The pose of frame 2 in the coordinates of frame 0 is:
# The pose of frame 4 in the coordinates of frame 2 is:

# ====== Enter INPUT HERE =======
T_02 = np.array([[0.79372387, 0.11329095, 0.59763499, -0.89605466], 
                 [-0.22588542, 0.96714292, 0.11666338, -0.14768354], 
                 [-0.56478155, -0.22759554, 0.79323520, 0.16004298], 
                 [0.00000000, 0.00000000, 0.00000000, 1.00000000]])

T_24 = np.array([[0.50128173, -0.21325542, 0.83859332, -0.81540092], 
                 [0.18604662, 0.97305008, 0.13623580, 0.99149732], 
                 [-0.84504632, 0.08772493, 0.52744768, -0.02195349], 
                 [0.00000000, 0.00000000, 0.00000000, 1.00000000]])

# =========== ANSWER ============
# Find the pose of frame 0 in the coordinates of frame 2: T_20
# T_20 = [[0.79372387, -0.22588542, -0.56478155, 0.768249736318], [0.11329095, 0.96714292, -0.22759554, 0.280771042251], [0.59763499, 0.11666338, 0.7932352, 0.425791153466], [0, 0, 0, 1]]

# Find the pose of frame 4 in the coordinates of frame 2: T_42
# T_42 = [[0.50128173, 0.18604662, -0.84504632, 0.20572914276], [-0.21325542, 0.97305008, 0.08772493, -1.13673934384], [0.83859332, 0.1362358, 0.52744768, 0.560291651414], [0, 0, 0, 1]]


# ============ CODE =============
